%YAML:1.0
---
INIT_MAT_CAM: !!opencv-matrix
   rows: 3
   cols: 3
   dt: d
   data: [ 7.5744735887753427e+02, 0., 3.2488810233965586e+02, 0.,
       7.6163227812379387e+02, 2.5765465989933699e+02, 0., 0., 1. ]
INIT_VEC_DIST: !!opencv-matrix
   rows: 1
   cols: 5
   dt: d
   data: [ -1.7559547498220995e-01, 2.5833200834280405e+00,
       -1.6263588433779552e-03, 3.4190974373441096e-03,
       -1.3937070714678049e+01 ]
USE_INTRINSIC_GUESS: 0
USE_FIX_ASPECT_RATIO: 0
USE_FIX_PRINCIPAL_POINT: 0
ZERO_TANGENT_DIST: 0
FIX_FOCAL_LENGTH: 0
FIX_K1: 0
FIX_K2: 0
FIX_K3: 0
FIX_K4: 0
FIX_K5: 0
FIX_K6: 0
RATIONAL_MODEL: 0
THIN_PRISM_MODEL: 0
FIX_S1_S2_S3_S4: 0
TILTED_MODEL: 0
FIX_TAUX_TAUY: 0
FIX_TANGENT_DIST: 0
